[Variables]
ercf_calib_0 = 1.0
ercf_calib_1 = 1.00219672889
ercf_calib_2 = 0.990796352446
ercf_calib_3 = 1.00010446014
ercf_calib_4 = 0.993879743585
ercf_calib_5 = 1.00114950137
ercf_calib_6 = 1.00114950137
ercf_calib_7 = 0.987732033831
ercf_calib_ref = 970.14918

